wavelength I/F_head I/F_neck I/F_body
231.297 0.0175658 0.0303207 0.0202180
233.180 0.0192388 0.0305431 0.0217900
235.064 0.0191920 0.0303921 0.0212223
236.947 0.0192465 0.0317516 0.0212373
238.831 0.0185261 0.0299815 0.0198968
240.714 0.0181446 0.0294988 0.0195168
242.598 0.0177404 0.0301967 0.0193400
244.481 0.0183538 0.0304064 0.0198559
246.365 0.0186414 0.0301609 0.0191230
248.248 0.0180022 0.0283124 0.0191763
250.132 0.0188139 0.0293836 0.0192947
252.015 0.0177002 0.0290538 0.0194112
253.899 0.0178047 0.0294772 0.0207333
255.782 0.0169983 0.0286628 0.0190668
257.666 0.0178536 0.0286221 0.0185475
259.549 0.0173157 0.0286073 0.0184976
261.433 0.0167147 0.0275598 0.0189520
263.316 0.0168198 0.0268398 0.0184923
265.200 0.0171148 0.0274526 0.0176620
267.083 0.0163286 0.0279803 0.0192143
268.967 0.0166213 0.0278074 0.0182371
270.850 0.0160773 0.0273924 0.0194499
272.734 0.0170100 0.0269188 0.0184485
274.617 0.0161505 0.0271543 0.0180557
276.501 0.0174567 0.0271909 0.0184846
278.384 0.0161087 0.0269591 0.0188363
280.268 0.0163224 0.0261936 0.0187416
282.151 0.0169036 0.0263500 0.0181291
284.035 0.0160743 0.0265742 0.0179239
285.918 0.0163310 0.0260676 0.0180588
287.802 0.0154295 0.0257770 0.0179630
289.685 0.0152928 0.0264847 0.0176337
291.569 0.0161950 0.0262273 0.0178194
293.453 0.0156043 0.0255568 0.0176764
295.336 0.0155697 0.0245445 0.0173938
297.220 0.0157939 0.0266555 0.0184781
299.103 0.0157746 0.0261513 0.0169280
300.987 0.0153125 0.0257991 0.0176208
302.870 0.0144904 0.0250839 0.0181469
304.754 0.0151079 0.0249519 0.0179868
306.637 0.0147579 0.0248946 0.0163878
308.521 0.0153697 0.0256659 0.0170004
310.404 0.0152479 0.0253927 0.0170286
312.288 0.0149940 0.0250517 0.0175466
314.171 0.0153510 0.0240096 0.0168579
316.055 0.0147937 0.0249793 0.0159288
317.938 0.0150491 0.0241873 0.0171960
319.822 0.0145354 0.0248705 0.0169289
321.705 0.0144845 0.0239934 0.0167103
323.589 0.0142993 0.0245466 0.0168073
325.472 0.0146368 0.0243542 0.0161452
327.356 0.0143034 0.0240293 0.0168626
329.239 0.0138793 0.0244460 0.0173397
331.123 0.0143894 0.0245548 0.0159295
333.006 0.0141202 0.0245698 0.0165613
334.890 0.0137111 0.0230007 0.0151865
336.773 0.0139894 0.0239267 0.0153357
338.657 0.0135023 0.0245541 0.0166750
340.540 0.0140935 0.0244026 0.0158234
342.424 0.0139175 0.0241892 0.0168210
344.307 0.0141301 0.0239744 0.0164792
346.191 0.0137678 0.0222272 0.0155696
348.074 0.0138219 0.0230491 0.0158703
349.958 0.0135842 0.0230116 0.0154124
351.841 0.0137285 0.0237951 0.0159329
353.725 0.0141582 0.0250261 0.0161262
355.608 0.0139545 0.0244686 0.0157909
357.492 0.0141317 0.0238698 0.0164907
359.375 0.0133068 0.0241574 0.0166217
361.259 0.0142717 0.0239248 0.0162996
363.142 0.0134399 0.0236295 0.0154504
365.026 0.0134358 0.0241489 0.0157911
366.909 0.0132938 0.0221633 0.0159246
368.793 0.0137346 0.0231890 0.0159962
370.676 0.0132681 0.0231411 0.0154129
372.560 0.0140451 0.0236506 0.0159956
374.443 0.0137157 0.0239133 0.0159884
376.327 0.0140004 0.0228169 0.0162938
378.210 0.0138053 0.0238703 0.0161900
380.094 0.0141824 0.0250640 0.0162171
381.977 0.0136260 0.0237774 0.0164190
383.861 0.0134771 0.0229671 0.0154045
385.745 0.0133872 0.0232965 0.0155933
387.628 0.0131673 0.0233101 0.0157954
389.512 0.0138591 0.0236148 0.0161318
391.395 0.0136698 0.0240508 0.0154691
393.279 0.0132884 0.0230969 0.0156052
395.162 0.0136544 0.0232044 0.0156295
397.046 0.0133123 0.0215721 0.0150007
398.929 0.0130608 0.0230847 0.0151112
400.813 0.0130920 0.0230604 0.0153578
402.696 0.0138380 0.0242235 0.0151875
404.580 0.0133069 0.0234721 0.0147111
406.463 0.0135424 0.0234886 0.0152644
408.347 0.0133818 0.0235690 0.0151513
410.230 0.0134043 0.0228990 0.0156429
412.114 0.0134314 0.0230653 0.0153975
413.997 0.0127988 0.0228606 0.0150543
415.881 0.0130946 0.0232861 0.0155807
417.764 0.0136509 0.0233697 0.0149261
419.648 0.0136571 0.0230918 0.0146890
421.531 0.0134653 0.0230738 0.0155708
423.415 0.0135919 0.0237064 0.0160019
425.298 0.0135014 0.0234023 0.0156118
427.182 0.0135498 0.0233881 0.0153695
429.065 0.0132013 0.0233219 0.0156010
430.949 0.0133036 0.0230081 0.0150583
432.832 0.0134011 0.0229265 0.0149276
434.716 0.0131650 0.0229610 0.0156682
436.599 0.0136546 0.0236093 0.0156000
438.483 0.0133966 0.0238141 0.0156270
440.366 0.0133342 0.0230304 0.0148918
442.250 0.0132379 0.0232946 0.0149948
444.133 0.0132612 0.0234942 0.0150939
446.017 0.0133653 0.0236103 0.0152133
447.900 0.0136735 0.0237285 0.0152743
449.784 0.0135366 0.0240261 0.0153709
451.667 0.0134465 0.0236142 0.0148537
453.551 0.0133745 0.0233797 0.0150406
455.434 0.0135155 0.0236060 0.0149631
457.318 0.0135342 0.0236976 0.0152588
459.201 0.0134792 0.0234306 0.0152804
461.085 0.0135718 0.0233234 0.0145760
462.968 0.0133245 0.0232230 0.0150276
464.852 0.0135461 0.0239921 0.0152039
466.735 0.0133812 0.0237724 0.0157460
468.619 0.0133041 0.0234770 0.0154107
470.502 0.0134579 0.0235268 0.0151836
472.386 0.0136655 0.0233466 0.0150792
474.269 0.0133908 0.0237675 0.0151140
476.153 0.0136551 0.0238798 0.0153000
478.036 0.0137169 0.0239199 0.0153511
479.920 0.0133463 0.0237593 0.0152509
481.804 0.0135927 0.0246663 0.0154229
483.687 0.0138482 0.0243747 0.0154011
485.571 0.0134982 0.0241060 0.0153607
487.454 0.0135894 0.0237927 0.0154692
489.338 0.0137240 0.0238892 0.0153327
491.221 0.0138178 0.0242472 0.0155210
493.105 0.0136321 0.0241916 0.0158270
494.988 0.0137792 0.0242368 0.0152456
496.872 0.0139926 0.0243096 0.0156217
498.755 0.0138622 0.0244178 0.0154584
500.639 0.0136095 0.0239902 0.0155273
502.522 0.0139876 0.0239733 0.0152295
504.406 0.0139481 0.0246076 0.0155571
506.289 0.0137100 0.0242920 0.0151452
508.173 0.0139138 0.0243339 0.0155183
510.056 0.0139506 0.0245170 0.0157835
511.940 0.0139866 0.0245364 0.0156073
513.823 0.0140803 0.0244583 0.0157532
515.707 0.0139740 0.0243530 0.0157734
517.590 0.0139086 0.0241807 0.0160207
519.474 0.0141133 0.0244764 0.0157572
521.357 0.0141290 0.0243019 0.0157243
523.241 0.0141457 0.0246340 0.0158707
525.124 0.0142086 0.0244740 0.0158800
527.008 0.0142941 0.0245584 0.0161173
528.891 0.0142787 0.0246809 0.0158754
530.775 0.0142751 0.0248426 0.0158472
532.658 0.0141205 0.0243371 0.0160052
534.542 0.0140384 0.0248032 0.0161067
536.425 0.0142630 0.0244602 0.0158867
538.309 0.0140977 0.0247398 0.0161205
540.192 0.0143465 0.0248234 0.0160382
542.076 0.0143533 0.0245638 0.0161070
543.959 0.0144637 0.0248468 0.0163364
545.843 0.0146521 0.0249155 0.0159695
547.726 0.0146492 0.0246331 0.0159964
549.610 0.0145905 0.0254699 0.0162828
551.493 0.0143886 0.0250774 0.0160661
553.377 0.0144687 0.0253309 0.0163845
555.260 0.0144507 0.0255709 0.0164746
557.144 0.0144906 0.0250048 0.0163632
559.027 0.0146695 0.0253135 0.0165590
560.911 0.0144885 0.0256497 0.0164382
562.794 0.0144260 0.0255349 0.0167574
564.678 0.0144878 0.0252912 0.0163485
566.561 0.0148469 0.0254067 0.0167914
568.445 0.0148342 0.0254675 0.0164651
570.328 0.0149370 0.0249437 0.0163977
572.212 0.0148943 0.0255437 0.0167505
574.096 0.0149671 0.0258237 0.0166400
575.979 0.0150211 0.0259475 0.0167033
577.863 0.0150032 0.0261581 0.0169053
579.746 0.0150752 0.0262039 0.0165643
581.630 0.0151265 0.0259790 0.0165931
583.513 0.0151897 0.0262075 0.0166733
585.397 0.0152837 0.0263703 0.0167730
587.280 0.0149966 0.0260617 0.0168980
589.164 0.0153245 0.0260623 0.0170484
591.047 0.0152219 0.0264080 0.0170515
592.931 0.0152794 0.0266124 0.0171906
594.814 0.0154082 0.0263402 0.0172502
596.698 0.0156150 0.0265199 0.0172997
598.581 0.0155344 0.0266225 0.0173273
600.465 0.0155952 0.0266465 0.0171758
602.348 0.0155054 0.0267866 0.0173763
604.232 0.0156095 0.0267352 0.0173608
606.115 0.0158352 0.0268364 0.0175533
607.999 0.0157910 0.0268630 0.0176056
609.882 0.0157706 0.0273309 0.0176613
611.766 0.0158173 0.0270632 0.0177466
613.649 0.0160163 0.0272639 0.0178142
615.533 0.0158387 0.0271181 0.0177428
617.416 0.0159507 0.0271316 0.0176554
619.300 0.0161124 0.0271175 0.0177947
621.183 0.0162084 0.0272063 0.0179222
623.067 0.0160915 0.0271891 0.0178894
624.950 0.0162510 0.0278379 0.0180882
626.834 0.0160230 0.0278976 0.0184374
628.717 0.0161534 0.0274141 0.0180708
630.601 0.0162785 0.0271267 0.0184009
632.484 0.0161775 0.0273973 0.0185070
634.368 0.0162699 0.0277722 0.0183455
636.251 0.0163475 0.0280842 0.0182519
638.135 0.0162872 0.0280564 0.0181933
640.018 0.0164688 0.0274569 0.0180257
641.902 0.0166804 0.0280014 0.0182040
643.785 0.0168638 0.0285041 0.0183930
645.669 0.0165441 0.0281579 0.0184835
647.552 0.0160669 0.0280558 0.0174584
649.436 0.0167655 0.0282596 0.0184844
651.319 0.0169141 0.0283792 0.0188100
653.203 0.0170975 0.0288588 0.0186961
655.086 0.0167190 0.0276847 0.0186663
656.970 0.0170252 0.0284412 0.0186006
658.853 0.0172129 0.0287298 0.0186453
660.737 0.0169040 0.0285068 0.0190252
662.620 0.0169576 0.0287160 0.0191075
664.504 0.0171166 0.0282153 0.0189555
666.388 0.0173916 0.0288653 0.0190435
668.271 0.0171295 0.0285306 0.0188957
670.155 0.0174884 0.0288491 0.0192228
672.038 0.0174034 0.0291389 0.0192409
673.922 0.0173903 0.0286586 0.0189966
675.805 0.0175335 0.0288187 0.0191510
677.689 0.0174551 0.0289971 0.0192242
679.572 0.0174342 0.0296571 0.0195974
681.456 0.0174737 0.0288833 0.0192189
683.339 0.0174203 0.0291107 0.0195021
685.223 0.0175888 0.0292556 0.0194769
687.106 0.0176783 0.0289956 0.0195624
688.990 0.0174594 0.0295519 0.0198449
690.873 0.0178944 0.0300026 0.0197484
692.757 0.0177694 0.0296869 0.0197118
694.640 0.0180337 0.0297351 0.0197709
696.524 0.0180729 0.0300895 0.0202339
698.407 0.0178290 0.0302297 0.0198367
700.291 0.0177877 0.0298833 0.0199724
702.174 0.0181390 0.0301997 0.0198010
704.058 0.0184276 0.0298489 0.0199883
705.941 0.0181828 0.0300206 0.0202029
707.825 0.0182001 0.0302247 0.0203036
709.708 0.0184156 0.0307151 0.0203895
711.592 0.0183954 0.0303995 0.0199915
713.475 0.0184269 0.0303718 0.0202367
715.359 0.0183554 0.0306077 0.0205775
717.242 0.0186348 0.0309034 0.0204945
719.126 0.0184841 0.0310513 0.0205562
721.009 0.0183630 0.0308534 0.0203922
722.893 0.0188317 0.0308159 0.0204214
724.776 0.0187139 0.0312291 0.0207776
726.660 0.0189609 0.0313540 0.0209220
728.543 0.0188329 0.0315023 0.0211113
730.427 0.0186397 0.0311320 0.0211602
732.310 0.0188279 0.0314561 0.0212371
734.194 0.0189156 0.0317309 0.0211769
736.077 0.0190823 0.0316611 0.0213908
737.961 0.0189506 0.0318199 0.0212689
739.844 0.0190367 0.0321450 0.0211733
741.728 0.0190979 0.0318260 0.0210287
743.611 0.0192012 0.0317392 0.0212602
745.495 0.0192390 0.0316469 0.0214493
747.378 0.0191076 0.0316574 0.0212258
749.262 0.0195249 0.0312386 0.0215657
751.145 0.0195319 0.0321428 0.0215233
753.029 0.0196024 0.0320127 0.0216019
754.912 0.0195667 0.0319708 0.0217639
756.796 0.0200603 0.0316797 0.0212047
758.680 0.0200567 0.0319996 0.0218741
760.563 0.0196512 0.0322341 0.0219352
762.447 0.0202974 0.0329626 0.0216650
764.330 0.0199154 0.0325283 0.0220186
766.214 0.0195756 0.0328416 0.0220110
768.097 0.0201433 0.0324303 0.0217858
769.981 0.0200998 0.0323616 0.0220316
771.864 0.0201138 0.0336690 0.0225839
773.748 0.0196698 0.0328494 0.0220526
775.631 0.0207216 0.0335412 0.0227535
777.515 0.0200747 0.0324424 0.0229691
779.398 0.0205537 0.0328571 0.0221247
781.282 0.0206145 0.0328002 0.0229974
783.165 0.0209344 0.0326468 0.0224271
785.049 0.0202393 0.0329672 0.0228087
786.932 0.0205653 0.0324676 0.0224104
788.816 0.0206819 0.0338415 0.0224180
790.699 0.0204654 0.0339054 0.0223830
792.583 0.0206276 0.0336244 0.0224366
794.466 0.0204677 0.0337914 0.0219201
796.350 0.0214619 0.0327945 0.0219805
798.233 0.0208419 0.0328590 0.0228503
800.117 0.0205035 0.0339545 0.0228690
802.000 0.0209216 0.0334783 0.0228196
803.884 0.0204183 0.0336442 0.0225634
805.767 0.0210198 0.0347779 0.0231961
807.651 0.0209496 0.0332302 0.0236093
809.534 0.0211086 0.0338281 0.0231094
811.418 0.0208390 0.0345445 0.0225778
813.301 0.0212941 0.0340439 0.0233055
815.185 0.0218373 0.0338622 0.0229243
817.068 0.0213003 0.0328043 0.0232846
818.952 0.0200593 0.0321078 0.0237350
820.835 0.0208715 0.0338339 0.0229131
822.719 0.0211803 0.0337352 0.0228055
824.602 0.0205425 0.0346653 0.0232081
826.486 0.0215619 0.0332650 0.0231658
828.369 0.0217038 0.0339297 0.0226276
830.253 0.0210187 0.0339710 0.0233498
832.136 0.0211526 0.0330668 0.0235378
834.020 0.0207703 0.0336290 0.0238987
835.903 0.0207517 0.0330786 0.0239547
837.787 0.0214190 0.0331412 0.0233236
839.670 0.0209524 0.0342631 0.0227090
841.554 0.0214395 0.0343398 0.0239714
843.437 0.0210392 0.0340468 0.0238409
845.321 0.0205827 0.0337761 0.0232427
847.204 0.0214546 0.0339955 0.0233012
849.088 0.0219504 0.0344781 0.0239964
850.971 0.0217551 0.0348377 0.0233125
852.855 0.0209503 0.0330807 0.0229823
854.739 0.0206167 0.0346460 0.0232097
856.622 0.0214024 0.0344328 0.0237553
858.505 0.0209768 0.0336965 0.0235732
860.389 0.0216389 0.0349251 0.0237470
862.273 0.0211199 0.0347182 0.0241009
864.156 0.0213944 0.0344492 0.0239157
866.040 0.0217053 0.0344455 0.0238598
867.923 0.0213671 0.0347480 0.0239892
869.807 0.0210278 0.0338909 0.0236301
871.690 0.0219514 0.0347802 0.0237352
873.574 0.0212458 0.0345186 0.0236544
875.457 0.0211843 0.0344738 0.0238182
877.341 0.0213571 0.0342598 0.0236894
879.224 0.0214863 0.0353818 0.0239082
881.108 0.0214462 0.0350364 0.0238168
882.991 0.0212173 0.0350593 0.0235244
884.875 0.0213104 0.0340502 0.0237810
886.758 0.0211497 0.0336409 0.0238840
888.642 0.0213915 0.0345817 0.0241009
890.525 0.0215215 0.0342433 0.0236871
892.409 0.0213520 0.0342260 0.0239678
894.292 0.0213958 0.0339165 0.0234866
896.176 0.0212457 0.0336684 0.0231322
898.059 0.0210939 0.0344276 0.0235941
899.943 0.0211241 0.0339203 0.0228744
901.826 0.0211103 0.0343255 0.0238178
903.710 0.0212351 0.0343110 0.0234423
905.593 0.0214551 0.0346735 0.0236118
907.477 0.0213833 0.0341906 0.0236744
909.360 0.0210816 0.0346201 0.0234349
911.244 0.0213490 0.0347288 0.0243871
913.127 0.0216581 0.0335112 0.0234746
915.011 0.0219427 0.0342966 0.0241288
916.894 0.0216810 0.0338660 0.0236836
918.778 0.0216493 0.0342900 0.0236274
920.661 0.0214817 0.0350277 0.0236368
922.545 0.0214104 0.0344229 0.0235624
924.428 0.0214268 0.0342204 0.0239977
926.312 0.0218565 0.0345225 0.0242833
928.195 0.0218172 0.0341903 0.0233967
930.079 0.0219080 0.0344486 0.0237868
931.962 0.0219757 0.0347881 0.0236011
933.846 0.0221270 0.0353216 0.0237590
935.729 0.0218788 0.0355428 0.0239470
937.613 0.0221272 0.0349182 0.0236042
939.496 0.0219635 0.0358340 0.0241636
941.380 0.0216126 0.0361405 0.0242928
943.263 0.0217718 0.0360128 0.0241718
945.147 0.0222272 0.0360858 0.0244785
947.031 0.0222273 0.0346977 0.0248267
948.914 0.0220359 0.0358219 0.0248440
950.797 0.0223484 0.0358928 0.0243601
952.681 0.0225556 0.0355891 0.0245049
954.565 0.0218872 0.0356304 0.0244291
956.448 0.0223478 0.0354494 0.0241356
958.332 0.0221497 0.0354113 0.0247715
960.215 0.0226680 0.0349730 0.0238101
962.099 0.0219268 0.0358922 0.0249499
963.982 0.0230917 0.0357037 0.0240868
965.866 0.0223140 0.0350130 0.0247197
967.749 0.0224552 0.0361990 0.0250951
969.633 0.0226287 0.0361541 0.0252041
971.516 0.0233025 0.0359935 0.0241208
973.400 0.0230441 0.0366699 0.0241335
975.283 0.0223708 0.0350513 0.0249681
977.167 0.0220487 0.0347019 0.0250537
979.050 0.0230738 0.0363755 0.0245230
980.934 0.0221958 0.0369132 0.0244571
982.817 0.0225365 0.0360330 0.0240000
984.701 0.0238967 0.0372716 0.0260700
986.584 0.0237794 0.0372038 0.0258539
988.468 0.0234315 0.0361708 0.0254406
990.351 0.0243311 0.0371329 0.0260630
992.235 0.0241021 0.0370764 0.0244575
994.118 0.0238928 0.0370228 0.0263605
996.002 0.0241262 0.0356440 0.0243721
997.885 0.0230930 0.0374314 0.0260744
999.769 0.0237344 0.0378941 0.0259793
1000.39 0.0243527 0.0376724 0.0253103
1009.83 0.0241897 0.0381749 0.0252521
1019.27 0.0241936 0.0380800 0.0253513
1028.70 0.0242179 0.0382993 0.0255335
1038.14 0.0244439 0.0387126 0.0257214
1047.58 0.0246679 0.0389221 0.0257777
1057.02 0.0249056 0.0390804 0.0259209
1066.45 0.0252248 0.0395022 0.0262627
1075.89 0.0254155 0.0395917 0.0268440
1085.33 0.0256709 0.0400767 0.0267648
1094.76 0.0261692 0.0406605 0.0269343
1104.20 0.0262304 0.0405365 0.0273307
1113.64 0.0261695 0.0410788 0.0274082
1123.07 0.0262791 0.0413556 0.0275964
1132.51 0.0264302 0.0415223 0.0277494
1141.95 0.0265260 0.0415748 0.0278687
1151.38 0.0265169 0.0415403 0.0278396
1160.82 0.0267758 0.0419176 0.0280900
1170.26 0.0269260 0.0420457 0.0281893
1179.70 0.0271468 0.0422296 0.0283573
1189.13 0.0272621 0.0423191 0.0284885
1198.57 0.0274857 0.0426023 0.0286565
1208.01 0.0275331 0.0427593 0.0287836
1217.44 0.0273876 0.0425923 0.0286836
1226.88 0.0275189 0.0426255 0.0288176
1236.32 0.0275815 0.0427566 0.0289332
1245.75 0.0276457 0.0429144 0.0289477
1255.19 0.0277441 0.0431746 0.0289775
1264.63 0.0278502 0.0432806 0.0291237
1274.06 0.0280299 0.0435097 0.0294001
1283.50 0.0285078 0.0437025 0.0295303
1292.94 0.0282554 0.0438388 0.0295565
1302.37 0.0282504 0.0436859 0.0295412
1311.81 0.0284301 0.0438152 0.0297615
1321.25 0.0285199 0.0438578 0.0298668
1330.69 0.0286081 0.0440169 0.0299761
1340.12 0.0286010 0.0440425 0.0299092
1349.56 0.0286586 0.0440691 0.0299001
1359.00 0.0288081 0.0441688 0.0299511
1368.43 0.0289174 0.0442769 0.0300330
1377.87 0.0288625 0.0443444 0.0301301
1387.31 0.0288248 0.0443470 0.0302016
1396.74 0.0290004 0.0445714 0.0302083
1406.18 0.0291540 0.0448802 0.0303532
1415.62 0.0292210 0.0451359 0.0305734
1425.05 0.0294361 0.0455882 0.0308691
1434.49 0.0294436 0.0455812 0.0310325
1443.93 0.0294561 0.0458021 0.0313339
1453.36 0.0293798 0.0456453 0.0312658
1462.80 0.0294136 0.0455189 0.0310831
1472.24 0.0296598 0.0456069 0.0310913
1481.68 0.0296803 0.0455741 0.0310304
1491.11 0.0296019 0.0453554 0.0308704
1500.55 0.0297059 0.0454155 0.0309522
1509.99 0.0296914 0.0450104 0.0309430
1519.42 0.0295414 0.0442358 0.0306958
1528.86 0.0295739 0.0440645 0.0306737
1538.30 0.0295022 0.0441580 0.0305612
1547.73 0.0294390 0.0445011 0.0305729
1557.17 0.0294280 0.0446601 0.0307523
1566.61 0.0295915 0.0449332 0.0308446
1576.04 0.0299139 0.0456087 0.0312561
1585.48 0.0300776 0.0459430 0.0314377
1594.92 0.0298342 0.0456400 0.0312015
1604.36 0.0296679 0.0453150 0.0309854
1613.79 0.0298673 0.0455163 0.0311370
1623.23 0.0295508 0.0449770 0.0308432
1632.67 0.0295981 0.0449210 0.0309290
1642.10 0.0301201 0.0457035 0.0315402
1651.54 0.0297398 0.0453293 0.0311870
1660.98 0.0302619 0.0452918 0.0309965
1670.41 0.0299067 0.0458836 0.0313895
1679.85 0.0305266 0.0467855 0.0321796
1689.29 0.0300644 0.0459323 0.0317352
1698.72 0.0300639 0.0456507 0.0314625
1708.16 0.0302826 0.0459527 0.0316472
1717.60 0.0302908 0.0459997 0.0317128
1727.03 0.0306338 0.0465163 0.0320999
1736.47 0.0305473 0.0474033 0.0328613
1745.91 0.0306664 0.0469325 0.0324100
1755.35 0.0307103 0.0464736 0.0320222
1764.78 0.0305204 0.0463377 0.0320463
1774.22 0.0306159 0.0463445 0.0321489
1783.66 0.0305518 0.0464076 0.0322005
1793.09 0.0305493 0.0465446 0.0323812
1802.53 0.0308174 0.0469228 0.0326607
1811.97 0.0312584 0.0476007 0.0329458
1821.40 0.0310122 0.0481462 0.0333052
1830.84 0.0311848 0.0471906 0.0327474
1840.28 0.0313040 0.0472914 0.0328801
1849.71 0.0313572 0.0475984 0.0329390
1859.15 0.0315268 0.0478850 0.0330078
1868.59 0.0312217 0.0486461 0.0336515
1878.03 0.0312629 0.0474383 0.0330482
1887.46 0.0318156 0.0480857 0.0335692
1896.90 0.0318329 0.0480849 0.0336537
1906.34 0.0314230 0.0477411 0.0333384
1915.77 0.0314002 0.0479237 0.0333428
1925.21 0.0314936 0.0479327 0.0335338
1934.65 0.0317532 0.0481311 0.0339554
1944.08 0.0315458 0.0478228 0.0334009
1953.52 0.0320447 0.0484641 0.0337041
1962.96 0.0319060 0.0480558 0.0335131
1972.39 0.0319541 0.0479699 0.0335435
1981.83 0.0319785 0.0479535 0.0335899
1991.27 0.0317955 0.0478733 0.0336355
2000.70 0.0316347 0.0477923 0.0335111
2010.14 0.0316031 0.0477354 0.0336580
2019.58 0.0319729 0.0484755 0.0338109
2029.02 0.0321432 0.0487447 0.0340076
2038.45 0.0321037 0.0485440 0.0339825
2047.89 0.0313941 0.0473867 0.0337104
2057.33 0.0317005 0.0476459 0.0338602
2066.76 0.0321852 0.0481566 0.0338146
2076.20 0.0325441 0.0486486 0.0342722
2085.64 0.0327013 0.0490969 0.0342285
2095.07 0.0325439 0.0490098 0.0343916
2104.51 0.0319389 0.0479469 0.0336501
2113.95 0.0317365 0.0481706 0.0339364
2123.38 0.0322194 0.0482179 0.0337751
2132.82 0.0328570 0.0493990 0.0340590
2142.26 0.0322070 0.0485825 0.0340172
2151.70 0.0322166 0.0485727 0.0340065
2161.13 0.0330214 0.0497848 0.0349049
2170.57 0.0329685 0.0496505 0.0354372
2180.01 0.0321012 0.0486175 0.0345390
2189.44 0.0321201 0.0487693 0.0344039
2198.88 0.0331366 0.0485110 0.0346606
2208.32 0.0324072 0.0489907 0.0346495
2217.75 0.0323167 0.0496478 0.0341600
2227.19 0.0325335 0.0487893 0.0341988
2236.63 0.0323320 0.0483063 0.0342803
2246.06 0.0322113 0.0483198 0.0340042
2255.50 0.0325560 0.0487646 0.0342035
2264.94 0.0326459 0.0488858 0.0343331
2274.37 0.0318856 0.0477704 0.0341990
2283.81 0.0329424 0.0506026 0.0345888
2293.25 0.0330818 0.0497033 0.0345828
2302.69 0.0330910 0.0492776 0.0343950
2312.12 0.0322796 0.0481881 0.0337841
2321.56 0.0320950 0.0495508 0.0345813
2331.00 0.0322161 0.0499755 0.0345479
2340.43 0.0325669 0.0522023 0.0343507
2349.87 0.0332028 0.0513782 0.0345033
2359.31 0.0334685 0.0504412 0.0351426
2368.74 0.0323277 0.0498444 0.0350082
2378.18 0.0333690 0.0495767 0.0355548
2387.62 0.0337013 0.0502046 0.0353023
2397.05 0.0338131 0.0501787 0.0349270
2406.49 0.0336847 0.0499540 0.0346868
2415.93 0.0339097 0.0489996 0.0346860
2425.36 0.0328772 0.0501978 0.0350110
2434.80 0.0327599 0.0505209 0.0350984
2444.24 0.0337581 0.0497703 0.0359913
2453.68 0.0342316 0.0508816 0.0353153
2463.11 0.0343040 0.0515012 0.0349374
2472.55 0.0343187 0.0512937 0.0350165
2481.99 0.0344156 0.0513212 0.0351953
2491.42 0.0344047 0.0510165 0.0347953
2500.86 0.0338127 0.0503319 0.0348813
2510.30 0.0342450 0.0503215 0.0349237
2519.73 0.0341204 0.0505060 0.0350145
2529.17 0.0342958 0.0498417 0.0348519
2538.61 0.0349237 0.0503071 0.0353138
2548.04 0.0349235 0.0514976 0.0350615
2557.48 0.0347743 0.0538812 0.0354132
2566.92 0.0346470 0.0513010 0.0354641
2576.35 0.0346950 0.0513100 0.0350687
2585.79 0.0350945 0.0524115 0.0352685
2595.23 0.0349486 0.0516712 0.0350618
2604.67 0.0346734 0.0509298 0.0357546
2614.10 0.0348948 0.0512053 0.0366881
2623.54 0.0344463 0.0526397 0.0366141
2632.98 0.0361212 0.0542320 0.0356229
2642.41 0.0350972 0.0528173 0.0355806
2651.85 0.0349989 0.0521081 0.0355890
2661.29 0.0355997 0.0530584 0.0359407
2670.72 0.0349694 0.0532828 0.0353154
2680.16 0.0358421 0.0521080 0.0353094
2689.60 0.0346985 0.0531970 0.0353026
2699.03 0.0358458 0.0539091 0.0352178
2708.47 0.0353996 0.0522727 0.0358058
2717.91 0.0357223 0.0531504 0.0355689
2727.35 0.0358459 0.0531718 0.0355635
2736.78 0.0362425 0.0533441 0.0358278
2746.22 0.0359171 0.0527332 0.0357157
2755.66 0.0359844 0.0530848 0.0359763
2765.09 0.0358266 0.0529404 0.0359461
2774.53 0.0358939 0.0527993 0.0358170
2783.97 0.0351908 0.0525891 0.0357350
2793.40 0.0360024 0.0509996 0.0356357
2802.84 0.0352142 0.0509619 0.0355371
2812.28 0.0352237 0.0540501 0.0355346
2821.71 0.0362805 0.0536472 0.0358223
2831.15 0.0352383 0.0535340 0.0358203
2840.59 0.0363309 0.0528129 0.0362956
2850.02 0.0362112 0.0520273 0.0359585
2859.46 0.0367880 0.0521156 0.0362264
2868.90 0.0352489 0.0520799 0.0362929
2878.34 0.0361397 0.0509689 0.0354614
2887.77 0.0358899 0.0506315 0.0349269
2897.21 0.0364237 0.0513426 0.0354105
2906.65 0.0362328 0.0512918 0.0360270
2916.08 0.0350838 0.0501191 0.0355979
2925.52 0.0352151 0.0493977 0.0348614
2934.96 0.0345807 0.0494923 0.0360243
2944.39 0.0352330 0.0501584 0.0355919
2953.83 0.0348273 0.0504099 0.0357317
2963.27 0.0351571 0.0494921 0.0350130
2972.70 0.0351379 0.0524864 0.0355669
2982.14 0.0344166 0.0521716 0.0356325
2991.58 0.0363474 0.0518211 0.0355559
3001.02 0.0362362 0.0482970 0.0355298
3010.45 0.0341711 0.0492465 0.0343696
3019.89 0.0363907 0.0480788 0.0351666
3029.33 0.0347876 0.0480977 0.0340735
3038.76 0.0348390 0.0474126 0.0333757
3048.20 0.0342362 0.0475149 0.0339398
3057.64 0.0344222 0.0469155 0.0330655
3067.07 0.0345287 0.0473325 0.0336552
3076.51 0.0344296 0.0473594 0.0333596
3085.95 0.0341929 0.0457823 0.0331634
3095.38 0.0342691 0.0467793 0.0332010
3104.82 0.0344784 0.0465515 0.0331649
3114.26 0.0343630 0.0465236 0.0333419
3123.69 0.0337370 0.0460667 0.0333855
3133.13 0.0335973 0.0481529 0.0332430
3142.57 0.0334938 0.0451215 0.0339810
3152.01 0.0329360 0.0455979 0.0328754
3161.44 0.0327552 0.0452816 0.0326981
3170.88 0.0338002 0.0462990 0.0309803
3180.32 0.0336913 0.0461762 0.0300908
3189.75 0.0333166 0.0454800 0.0318638
3199.19 0.0330760 0.0453660 0.0332973
3208.63 0.0329598 0.0454005 0.0333449
3218.06 0.0330055 0.0453336 0.0331768
3227.50 0.0322825 0.0446461 0.0317046
3236.94 0.0322119 0.0448015 0.0314409
3246.37 0.0328510 0.0436899 0.0323005
3255.81 0.0327077 0.0436305 0.0320265
3265.25 0.0323200 0.0433705 0.0311483
3274.69 0.0314159 0.0449128 0.0316323
3284.12 0.0319461 0.0441765 0.0322686
3293.56 0.0326856 0.0453881 0.0330764
3303.00 0.0328477 0.0454514 0.0336146
3312.43 0.0327681 0.0450381 0.0338937
3321.87 0.0328678 0.0454948 0.0336185
3331.31 0.0324967 0.0453955 0.0329147
3340.74 0.0330728 0.0458697 0.0333000
3350.18 0.0335691 0.0456308 0.0335994
3359.62 0.0327372 0.0439553 0.0328136
3369.05 0.0321395 0.0435539 0.0322053
3378.49 0.0316884 0.0460245 0.0320424
3387.93 0.0315267 0.0446576 0.0322959
3397.36 0.0328248 0.0451955 0.0337482
3406.80 0.0332733 0.0452737 0.0335508
3416.24 0.0319452 0.0438492 0.0322340
3425.68 0.0330003 0.0458998 0.0333618
3435.11 0.0336761 0.0465904 0.0341486
3444.55 0.0324455 0.0474961 0.0332934
3453.99 0.0326604 0.0453550 0.0333137
3463.42 0.0341229 0.0469942 0.0344233
3472.86 0.0338523 0.0469947 0.0338337
3482.30 0.0335860 0.0469704 0.0339918
3491.73 0.0334464 0.0472613 0.0341397
3501.17 0.0344815 0.0486264 0.0348368
3510.61 0.0332012 0.0462691 0.0353364
3520.04 0.0346708 0.0482885 0.0351081
3529.48 0.0345082 0.0478429 0.0351246
3538.92 0.0354467 0.0491634 0.0361361
3548.35 0.0338190 0.0465191 0.0347035
3557.79 0.0339046 0.0469999 0.0348250
3567.23 0.0339092 0.0500673 0.0369299
3576.67 0.0339701 0.0484300 0.0360273
3586.10 0.0342482 0.0490725 0.0359163
3595.54 0.0342134 0.0492423 0.0378441
3604.98 0.0340774 0.0494139 0.0356590
3614.41 0.0342452 0.0482078 0.0353089
3623.85 0.0351860 0.0485781 0.0357558
3633.29 0.0347931 0.0489061 0.0354690
3642.72 0.0350752 0.0491895 0.0352312
3652.16 0.0353912 0.0495077 0.0361351
3661.60 0.0354999 0.0499984 0.0370121
3671.03 0.0353386 0.0502775 0.0369059
3680.47 0.0355740 0.0504318 0.0372167
3689.91 0.0356993 0.0506613 0.0394251
3699.35 0.0368465 0.0518019 0.0395334
3708.78 0.0367553 0.0513602 0.0395333
3718.22 0.0356751 0.0534223 0.0398169
3727.66 0.0362245 0.0525166 0.0404859
3737.09 0.0376251 0.0529986 0.0407613
3746.53 0.0377035 0.0534824 0.0397723
3755.97 0.0374198 0.0541803 0.0389852
3765.40 0.0375358 0.0545468 0.0388817
3774.84 0.0375140 0.0540663 0.0388247
3784.28 0.0373965 0.0538229 0.0386154
3793.71 0.0380173 0.0546912 0.0392608
3803.15 0.0381533 0.0545423 0.0397041
3812.59 0.0372375 0.0538206 0.0394087
3822.02 0.0369693 0.0537524 0.0394815
3831.46 0.0376816 0.0543593 0.0399484
3840.90 0.0379157 0.0552207 0.0400602
3850.34 0.0378959 0.0551938 0.0401219
3859.77 0.0391673 0.0542546 0.0403688
3869.21 0.0374860 0.0538975 0.0407416
3878.65 0.0386264 0.0534989 0.0402918
3888.08 0.0363106 0.0528266 0.0389762
3897.52 0.0388528 0.0533913 0.0403747
3906.96 0.0377176 0.0544022 0.0400905
3916.39 0.0385162 0.0548385 0.0411363
3925.83 0.0387342 0.0555596 0.0417740
3935.27 0.0392175 0.0564405 0.0405058
3944.70 0.0387880 0.0556859 0.0405909
3954.14 0.0375743 0.0540245 0.0406726
3963.58 0.0375579 0.0556101 0.0405261
3973.01 0.0377553 0.0557261 0.0407713
3982.45 0.0373215 0.0558375 0.0405616
3991.89 0.0402049 0.0579369 0.0409223
4001.33 0.0385083 0.0585147 0.0411434
4010.76 0.0385690 0.0588550 0.0435433
4020.20 0.0381200 0.0562368 0.0407520
4029.64 0.0389059 0.0590563 0.0409517
4039.07 0.0389227 0.0580989 0.0406342
4048.51 0.0393482 0.0579287 0.0429498
4057.95 0.0378237 0.0541911 0.0409790
4067.38 0.0375596 0.0535824 0.0412392
4076.82 0.0382678 0.0546830 0.0405156
4086.26 0.0392152 0.0563399 0.0399085
4095.69 0.0391448 0.0568833 0.0406534
4105.13 0.0386310 0.0568364 0.0413068
4114.57 0.0382545 0.0556945 0.0410328
4124.01 0.0380308 0.0560878 0.0406187
4133.44 0.0384466 0.0546572 0.0416519
4142.88 0.0380383 0.0554917 0.0421607
4152.32 0.0373226 0.0558485 0.0409129
4161.75 0.0377244 0.0573999 0.0431504
4171.19 0.0395503 0.0554882 0.0419514
4180.63 0.0420281 0.0595579 0.0445131
4190.06 0.0429212 0.0612953 0.0456825
4199.50 0.0423174 0.0608071 0.0458308
4208.94 0.0431849 0.0622744 0.0458628
4218.37 0.0418388 0.0602407 0.0452304
4227.81 0.0418549 0.0614204 0.0457719
4237.25 0.0446242 0.0632773 0.0445250
4246.68 0.0437421 0.0630747 0.0440855
4256.12 0.0431005 0.0611509 0.0440956
4265.56 0.0444196 0.0636092 0.0451216
4275.00 0.0450603 0.0649606 0.0452033
4284.43 0.0440533 0.0622317 0.0443717
4293.87 0.0433437 0.0599098 0.0440612
4303.31 0.0430607 0.0592346 0.0439723
4312.74 0.0432991 0.0615979 0.0452788
4322.18 0.0444112 0.0648490 0.0467088
4331.62 0.0451360 0.0639120 0.0461854
4341.05 0.0451254 0.0617796 0.0454722
4350.49 0.0463386 0.0640444 0.0463823
4359.93 0.0464431 0.0673153 0.0471535
4369.36 0.0458605 0.0671809 0.0439694
4378.80 0.0427853 0.0649070 0.0455843
4388.24 0.0423812 0.0642971 0.0456271
4397.68 0.0437791 0.0647012 0.0458545
4407.11 0.0447341 0.0648917 0.0445923
4416.55 0.0439795 0.0653587 0.0468576
4425.99 0.0415782 0.0630910 0.0453501
4435.42 0.0402248 0.0604326 0.0439675
4444.86 0.0415390 0.0644338 0.0457410
4454.30 0.0430274 0.0687323 0.0461452
4463.73 0.0444552 0.0675147 0.0454108
4473.17 0.0461392 0.0672911 0.0474504
4482.61 0.0453596 0.0684349 0.0485292
4492.04 0.0444139 0.0672832 0.0473689
4501.48 0.0443504 0.0658133 0.0444909
4510.92 0.0416708 0.0640992 0.0434060
4520.35 0.0394052 0.0614793 0.0431232
4529.79 0.0400804 0.0605311 0.0428795
4539.23 0.0410798 0.0609977 0.0436512
4548.67 0.0445124 0.0634710 0.0463955
4558.10 0.0461753 0.0690758 0.0458568
4567.54 0.0432065 0.0719123 0.0457618
4576.98 0.0459379 0.0680086 0.0447038
4586.41 0.0429605 0.0661146 0.0434294
4595.85 0.0425080 0.0671877 0.0429350
4605.29 0.0437337 0.0698419 0.0449669
4614.72 0.0431617 0.0736352 0.0447863
4624.16 0.0400466 0.0701198 0.0446672
4633.60 0.0410018 0.0629974 0.0416467
4643.03 0.0426123 0.0646657 0.0432804
4652.47 0.0429617 0.0645748 0.0409300
4661.91 0.0414385 0.0644888 0.0433378
4671.34 0.0399907 0.0682447 0.0435176
4680.78 0.0401896 0.0654616 0.0424725
4690.22 0.0407423 0.0652316 0.0430474
4699.66 0.0391215 0.0650338 0.0441071
4709.09 0.0408357 0.0578989 0.0437356
4718.53 0.0412866 0.0602446 0.0446171
4727.97 0.0419653 0.0652534 0.0463735
4737.40 0.0440721 0.0688066 0.0420312
4746.84 0.0436186 0.0648497 0.0403308
4756.28 0.0405991 0.0594748 0.0427189
4765.71 0.0389338 0.0581064 0.0430661
4775.15 0.0397060 0.0609044 0.0406810
4784.59 0.0420689 0.0634925 0.0411405
4794.02 0.0413241 0.0643527 0.0432769
4803.46 0.0413130 0.0646718 0.0452937
4812.90 0.0439545 0.0656121 0.0469873
4822.33 0.0409038 0.0653167 0.0437862
4831.77 0.0421371 0.0747264 0.0440946
4841.21 0.0412057 0.0696672 0.0466467
4850.65 0.0404763 0.0661883 0.0470752
4860.08 0.0426783 0.0597902 0.0463299
4869.52 0.0443681 0.0626204 0.0465603
4878.96 0.0425776 0.0634858 0.0451387
4888.39 0.0424899 0.0646240 0.0442822
4897.83 0.0488334 0.0658479 0.0449143
4907.27 0.0446980 0.0644791 0.0472237
4916.70 0.0412089 0.0566740 0.0437881
4926.14 0.0428495 0.0573298 0.0452557
4935.58 0.0448923 0.0581764 0.0437291
4945.01 0.0437706 0.0556507 0.0406626
4954.45 0.0433632 0.0546433 0.0415949
4963.89 0.0431205 0.0573291 0.0431985
4973.33 0.0447546 0.0622477 0.0458950
4982.76 0.0499267 0.0611793 0.0515679
4992.20 0.0488689 0.0606282 0.0496587
5001.64 0.0463071 0.0522679 0.0443269
5011.07 0.0474623 0.0630950 0.0460543
5020.51 0.0428812 0.0576959 0.0458714
5029.95 0.0479667 0.0569720 0.0456545
5039.38 0.0422964 0.0622240 0.0450925
5048.82 0.0482976 0.0649173 0.0473538
5058.26 0.0447484 0.0444858 0.0387229
5067.69 0.0517072 0.0445797 0.0416364
